00- RegDst0     (RegDst0)     01- RegDst1     (RegDst1)       02- EscReg     (RegWrite)
03- UALFonteA   (ALUSrcA)     04- UALFonteB0  (ALUSrcB0)      05- UALFonteB1 (ALUSrcB1)
06- UALOp0      (ALUOp0)      07- UALOp1      (ALUOp1)        08- FontePC0   (PCSource0)
09- FontePC1    (PCSource1)   10- PCEscCond   (PCWriteCond)   11- PCEsc      (PCWrite)
12- IouD        (IorD)        13- LerMem      (MemRead)       14- EscMem     (MemWrite)
15- MemParaReg0 (MemtoReg0)   16- MemParaReg1 (MemtoReg1)     17- IREsc      (IRWrite)
18- BNE         (BNE)


estado/bits  18 | 17 | 16 | 15 | 14 | 13 | 12 | 11 | 10 | 09 | 08 | 07 | 06 | 05 | 04 | 03 | 02 | 01 | 00

  0          0  | 1  | 0  | 0  | 0  | 1  | 0  | 1  | 0  | 0  | 0  | 0  | 0  | 0  | 1  | 0  | 0  | 0  | 0  | 
                |    |    |    |    |    |    |    |    |    |    |    |    |    |    |    |    |    |    |
  1          0  | 0  | 0  | 0  | 0  | 0  | 0  | 0  | 0  | 0  | 0  | 0  | 0  | 1  | 1  | 0  | 0  | 0  | 0  |
                |    |    |    |    |    |    |    |    |    |    |    |    |    |    |    |    |    |    |
  2          0  | 0  | 0  | 0  | 0  | 0  | 0  | 0  | 0  | 0  | 0  | 0  | 0  | 1  | 0  | 1  | 0  | 0  | 0  |
                |    |    |    |    |    |    |    |    |    |    |    |    |    |    |    |    |    |    |
  3          0  | 0  | 0  | 0  | 0  | 1  | 1  | 0  | 0  | 0  | 0  | 0  | 0  | 0  | 0  | 0  | 0  | 0  | 0  |
                |    |    |    |    |    |    |    |    |    |    |    |    |    |    |    |    |    |    |
  4          0  | 0  | 0  | 1  | 0  | 0  | 0  | 0  | 0  | 0  | 0  | 0  | 0  | 0  | 0  | 0  | 1  | 0  | 0  |
                |    |    |    |    |    |    |    |    |    |    |    |    |    |    |    |    |    |    |
  5          0  | 0  | 0  | 0  | 1  | 0  | 1  | 0  | 0  | 0  | 0  | 0  | 0  | 0  | 0  | 0  | 0  | 0  | 0  | 
                |    |    |    |    |    |    |    |    |    |    |    |    |    |    |    |    |    |    |
  6          0  | 0  | 0  | 0  | 0  | 0  | 0  | 0  | 0  | 0  | 0  | 1  | 0  | 0  | 0  | 1  | 0  | 0  | 0  |
                |    |    |    |    |    |    |    |    |    |    |    |    |    |    |    |    |    |    |
  7          0  | 0  | 0  | 0  | 0  | 0  | 0  | 0  | 0  | 0  | 0  | 0  | 0  | 0  | 0  | 0  | 1  | 0  | 1  |
                |    |    |    |    |    |    |    |    |    |    |    |    |    |    |    |    |    |    |
  8          0  | 0  | 0  | 0  | 0  | 0  | 0  | 0  | 1  | 0  | 1  | 0  | 1  | 0  | 0  | 1  | 0  | 0  | 0  |
                |    |    |    |    |    |    |    |    |    |    |    |    |    |    |    |    |    |    | 
  9          0  | 0  | 0  | 0  | 0  | 0  | 0  | 1  | 0  | 1  | 0  | 0  | 0  | 0  | 0  | 0  | 0  | 0  | 0  |
                |    |    |    |    |    |    |    |    |    |    |    |    |    |    |    |    |    |    |
 10          0  | 0  | 0  | 0  | 0  | 0  | 0  | 1  | 0  | 1  | 1  | 0  | 0  | 0  | 0  | 0  | 0  | 0  | 0  |
                |    |    |    |    |    |    |    |    |    |    |    |    |    |    |    |    |    |    |
 11          0  | 0  | 0  | 0  | 0  | 0  | 0  | 0  | 0  | 0  | 0  | 0  | 0  | 0  | 0  | 0  | 1  | 0  | 0  |
                |    |    |    |    |    |    |    |    |    |    |    |    |    |    |    |    |    |    |
 12          1  | 0  | 0  | 0  | 0  | 0  | 0  | 0  | 1  | 0  | 1  | 0  | 1  | 0  | 0  | 1  | 0  | 0  | 0  |
                |    |    |    |    |    |    |    |    |    |    |    |    |    |    |    |    |    |    |
 13          0  | 0  | 1  | 0  | 0  | 0  | 0  | 1  | 0  | 1  | 0  | 0  | 0  | 0  | 0  | 0  | 0  | 1  | 0  |
                |    |    |    |    |    |    |    |    |    |    |    |    |    |    |    |    |    |    |
 14          0  | 0  | 1  | 0  | 0  | 0  | 0  | 0  | 0  | 0  | 0  | 0  | 0  | 0  | 0  | 0  | 0  | 0  | 1  |
                |    |    |    |    |    |    |    |    |    |    |    |    |    |    |    |    |    |    |
 15          0  | 0  | 0  | 0  | 0  | 0  | 0  | 0  | 0  | 0  | 0  | 1  | 1  | 1  | 0  | 1  | 0  | 0  | 0  |