75
762
7459
328
6226
8594
8317
1981
8202
167
1093
6330
8927
2046
9845
6439
8657
4599
983
1162
7235
3149
5343
8134
7246
9970
7502
1056
7966
5381
131
8318
4954
4372
1408
2882
4117
942
3130
4438
2226
2126
8431
1631
7817
5868
8885
650
9468
2642
5476
7524
2782
5204
4094
8767
6652
3851
8519
1515
7808
4452
5395
0
0
0
0
0
0
0
0
0
0
5845
6770
4933
9002
9080
3153
2996
7953
6065
1262
417
7925
134
9532
9995
5443
3666
3048
878
8367
9985
8952
3118
9244
9465
2894
0
0
0
0
0
0
0
0
0
0
8015
7425
1641
3592
8756
773
1562
7810
3135
4539
9873
2249
3128
1681
6978
1208
5955
8807
836
7193
1207
2660
8489
6752
4294
5081
0
0
0
0
0
0
0
0
0
0
9510
2720
9230
6233
8185
4864
6714
5803
1679
4047
442
8556
1761
6056
285
1605
4881
4415
8860
1043
4875
5279
6210
3262
7460
1799
0
0
0
0
0
0
0
0
0
0
5895
1870
900
5568
6356
600
2631
368
3973
5011
1287
8142
3272
2627
1941
6525
8198
8905
7800
6372
7484
5518
3661
7351
9547
4683
0
0
0
0
0
0
0
0
0
0
5985
0
9016
1534
5872
0
0
0
4839
0
0
5562
9666
1307
6519
586
0
463
5610
7619
6277
6603
0
0
0
0
0
0
0
0
0
0
0
0
0
0
1495
0
328
2838
4222
0
0
0
7507
0
0
288
2687
6371
3496
449
0
5012
2716
1164
7362
8091
0
0
0
0
0
0
0
0
0
0
0
0
0
0
4661
0
9098
814
5616
0
0
0
9014
0
0
359
2160
1054
730
5032
0
1469
2281
9625
8374
3207
0
0
0
0
0
0
0
0
0
0
0
0
0
0
5667
0
2714
9989
1193
0
0
0
5358
0
0
5925
1368
5844
8011
1956
0
7246
6052
458
838
942
0
0
0
0
0
0
0
0
0
0
0
0
0
0
5598
0
4639
7668
7738
0
0
0
4758
0
0
5096
7433
5476
3233
3963
0
829
3442
1112
5545
8369
0
0
0
0
0
0
0
0
0
0
0
0
0
0
5724
0
6925
2502
175
0
0
0
8331
0
0
7571
7045
1174
1606
2685
0
4830
9964
4212
9233
0
0
0
0
0
0
0
0
0
0
0
0
0
0
0
2777
0
8272
3155
7587
0
0
0
4888
0
0
5285
8050
6091
9469
7499
0
1150
1445
8887
8232
0
0
0
0
0
0
0
0
0
0
0
0
0
0
0
626
0
8800
6857
4026
0
0
0
5437
0
0
4183
8162
1423
9895
9201
0
4975
6602
717
7170
0
0
0
0
0
0
0
0
0
0
0
0
0
0
0
2152
0
4260
4161
9251
0
0
0
1677
0
0
9382
3395
1098
3063
5057
0
8665
411
8589
7567
0
0
0
0
0
0
0
0
0
0
0
0
0
0
0
332
0
484
2751
7287
0
0
0
7725
0
0
6508
2550
1988
5105
5921
0
4695
2182
6998
3593
0
0
0
0
0
0
0
0
0
0
0
0
0
0
0
4839
0
6596
3420
3897
0
0
0
8708
0
0
0
4938
4884
3227
0
0
6205
8198
1660
6030
0
0
0
0
0
0
0
0
0
0
0
0
0
0
0
4527
0
2551
9477
8813
0
0
0
6514
0
0
0
3929
6142
622
0
0
3397
8045
9402
4203
0
0
0
0
0
0
0
0
0
0
0
0
0
0
0
7234
0
5962
6889
3581
0
0
0
9522
0
0
0
6876
4067
9954
0
0
4872
2621
5709
6969
0
0
0
0
0
0
0
0
0
0
0
0
0
0
0
5152
0
3281
6172
4485
0
0
0
5194
0
0
0
6656
7480
3033
0
0
2068
190
9601
2516
0
0
0
0
0
0
0
0
0
0
0
0
0
0
0
7019
0
542
5478
1453
0
0
0
7134
0
0
0
6647
3669
3387
0
0
372
8212
710
4838
0
0
0
0
0
0
0
0
0
0
0
0
0
0
0
9064
0
0
2047
4938
0
0
0
4840
0
0
0
1700
8059
2579
0
0
4812
1709
0
1764
0
0
0
0
0
0
0
0
0
0
0
0
0
0
0
3679
0
0
9594
455
0
0
0
8539
0
0
0
2270
6233
615
0
0
1901
7071
0
23
0
0
0
0
0
0
0
0
0
0
0
0
0
0
0
3705
0
0
1630
2710
0
0
0
4111
0
0
0
1469
5288
7885
0
0
4753
5774
0
946
0
0
0
0
0
0
0
0
0
0
0
0
0
0
0
7493
0
0
2782
1565
0
0
0
6551
0
0
0
1015
5696
9559
0
0
4099
6072
0
1351
0
0
0
0
0
0
0
0
0
0
0
0
0
0
0
3455
0
0
2390
571
0
0
0
1588
0
0
0
9719
2575
2613
0
0
6400
4495
0
4382
0
0
0
0
0
0
0
0
0
0
0
0
0
0
0
277
0
0
0
8400
0
0
0
6916
0
0
0
0
0
8915
0
0
2698
9902
0
0
0
0
0
0
0
0
0
0
0
0
0
0
0
0
0
6488
0
0
0
9725
0
0
0
694
0
0
0
0
0
6271
0
0
927
7081
0
0
0
0
0
0
0
0
0
0
0
0
0
0
0
0
0
7457
0
0
0
259
0
0
0
7440
0
0
0
0
0
8806
0
0
8641
9280
0
0
0
0
0
0
0
0
0
0
0
0
0
0
0
0
0
1318
0
0
0
6795
0
0
0
8117
0
0
0
0
0
5568
0
0
6373
6091
0
0
0
0
0
0
0
0
0
0
0
0
0
0
0
0
0
4209
0
0
0
4967
0
0
0
6625
0
0
0
0
0
3904
0
0
1327
8034
0
0
0
0
0
0
0
0
0
0
0
0
0
0
0
0
0
462
0
0
0
4095
0
0
0
0
0
0
0
0
0
6838
0
0
7772
1359
0
0
0
0
0
0
0
0
0
0
0
0
0
0
0
0
0
6275
0
0
0
4153
0
0
0
0
0
0
0
0
0
1263
0
0
4337
1902
0
0
0
0
0
0
0
0
0
0
0
0
0
0
0
0
0
6815
0
0
0
6765
0
0
0
0
0
0
0
0
0
2279
0
0
5230
814
0
0
0
0
0
0
0
0
0
0
0
0
0
0
0
0
0
4038
0
0
0
6958
0
0
0
0
0
0
0
0
0
7576
0
0
2978
1977
0
0
0
0
0
0
0
0
0
0
0
0
0
0
0
0
0
4328
0
0
0
8647
0
0
0
0
0
0
0
0
0
8895
0
0
7550
5373
0
0
0
0
0
0
0
0
0
0
0
0
0
0
0
0
0
309
0
0
0
5132
0
0
0
0
0
0
0
0
0
9866
0
0
0
5787
0
0
0
0
0
0
0
0
0
0
0
0
0
0
0
0
0
7676
0
0
0
7681
0
0
0
0
0
0
0
0
0
3391
0
0
0
7169
0
0
0
0
0
0
0
0
0
0
0
0
0
0
0
0
0
7299
0
0
0
2954
0
0
0
0
0
0
0
0
0
3900
0
0
0
2227
0
0
0
0
0
0
0
0
0
0
0
0
0
0
0
0
0
9838
0
0
0
1594
0
0
0
0
0
0
0
0
0
7044
0
0
0
4058
0
0
0
0
0
0
0
0
0
0
0
0
0
0
0
0
0
4211
0
0
0
6623
0
0
0
0
0
0
0
0
0
3100
0
0
0
545
0
0
0
0
0
0
0
0
0
0
0
0
0
0
0
0
0
6710
0
0
0
1980
0
0
0
0
0
0
0
0
0
8523
0
0
0
0
0
0
0
0
0
0
0
0
0
0
0
0
0
0
0
0
0
2201
0
0
0
3358
0
0
0
0
0
0
0
0
0
3121
0
0
0
0
0
0
0
0
0
0
0
0
0
0
0
0
0
0
0
0
0
2661
0
0
0
9493
0
0
0
0
0
0
0
0
0
6277
0
0
0
0
0
0
0
0
0
0
0
0
0
0
0
0
0
0
0
0
0
2078
0
0
0
3311
0
0
0
0
0
0
0
0
0
9653
0
0
0
0
0
0
0
0
0
0
0
0
0
0
0
0
0
0
0
0
0
2043
0
0
0
5993
0
0
0
0
0
0
0
0
0
2340
0
0
0
0
0
0
0
0
0
0
0
0
0
0
0
0
0
0
0
0
0
5676
0
0
0
9823
0
0
0
0
0
0
0
0
0
1981
0
0
0
0
0
0
0
0
0
0
0
0
0
0
0
0
0
0
0
0
0
6955
0
0
0
6735
0
0
0
0
0
0
0
0
0
7417
0
0
0
0
0
0
0
0
0
0
0
0
0
0
0
0
0
0
0
0
0
9669
0
0
0
8254
0
0
0
0
0
0
0
0
0
2477
0
0
0
0
0
0
0
0
0
0
0
0
0
0
0
0
0
0
0
0
0
9889
0
0
0
649
0
0
0
0
0
0
0
0
0
7703
0
0
0
0
0
0
0
0
0
0
0
0
0
0
0
0
0
0
0
0
0
3416
0
0
0
6244
0
0
0
0
0
0
0
0
0
9843
0
0
0
0
0
0
0
0
0
0
0
0
0
0
0
0
0
0
0
0
0
4241
0
0
0
4415
0
0
0
0
0
0
0
0
0
3778
0
0
0
0
0
0
0
0
0
0
0
0
0
0
0
0
0
0
0
0
0
3314
0
0
0
640
0
0
0
0
0
0
0
0
0
3084
0
0
0
0
0
0
0
0
0
0
0
0
0
0
0
0
0
0
0
0
0
8335
0
0
0
2051
0
0
0
0
0
0
0
0
0
2791
0
0
0
0
0
0
0
0
0
0
0
0
0
0
0
0
0
0
0
0
0
4341
0
0
0
1664
0
0
0
0
0
0
0
0
0
1509
0
0
0
0
0
0
0
0
0
0
0
0
0
0
0
0
0
0
0
0
0
5443
0
0
0
7930
0
0
0
0
0
0
0
0
0
6959
0
0
0
0
0
0
0
0
0
0
0
0
0
0
0
0
0
0
0
0
0
8035
0
0
0
7830
0
0
0
0
0
0
0
0
0
0
0
0
0
0
0
0
0
0
0
0
0
0
0
0
0
0
0
0
0
0
0
1535
0
0
0
150
0
0
0
0
0
0
0
0
0
0
0
0
0
0
0
0
0
0
0
0
0
0
0
0
0
0
0
0
0
0
0
750
0
0
0
8067
0
0
0
0
0
0
0
0
0
0
0
0
0
0
0
0
0
0
0
0
0
0
0
0
0
0
0
0
0
0
0
9614
0
0
0
8538
0
0
0
0
0
0
0
0
0
0
0
0
0
0
0
0
0
0
0
0
0
0
0
0
0
0
0
0
0
0
0
5961
0
0
0
818
0
0
0
0
0
0
0
0
0
0
0
0
0
0
0
0
0
0
0
0
0
0
0
0
0
0
0
0
0
0
0
5181
0
0
0
3420
0
0
0
0
0
0
0
0
0
0
0
0
0
0
0
0
0
0
0
0
0
0
0
0
0
0
0
0
0
0
0
9005
0
0
0
9035
0
0
0
0
0
0
0
0
0
0
0
0
0
0
0
0
0
0
0
0
0
0
0
0
0
0
0
0
0
0
0
6564
0
0
0
9647
0
0
0
0
0
0
0
0
0
0
0
0
0
0
0
0
0
0
0
0
0
0
0
0
0
0
0
0
0
0
0
3158
0
0
0
5833
0
0
0
0
0
0
0
0
0
0
0
0
0
0
0
0
0
0
0
0
0
0
0
0
0
0
0
0
0
0
0
7907
0
0
0
5815
0
0
0
0
0
0
0
0
0
0
0
0
0
0
0
0
0
0
0
0
0
0
0
0
0
0
0
0
0
0
0
7172
0
0
0
0
0
0
0
0
0
0
0
0
0
0
0
0
0
0
0
0
0
0
0
0
0
0
0
0
0
0
0
0
0
0
0
795
0
0
0
0
0
0
0
0
0
0
0
0
0
0
0
0
0
0
0
0
0
0
0
0
0
0
0
0
0
0
0
0
0
0
0
7421
0
0
0
0
0
0
0
0
0
0
0
0
0
0
0
0
0
0
0
0
0
0
0
0
0
0
0
0
0
0
0
0
0
0
0
7540
0
0
0
0
0
0
0
0
0
0
0
0
0
0
0
0
0
0
0
0
0
0
0
0
0
0
0
0
0
0
0
0
0
0
0
4969
0
0
0
0
0
0
0
0
0
0
0
0
0
0
0
0
0
0
0
0
0
0
0
0
0
0
0
0
0
0
0
0
0
0
0
3284
0
0
0
0
0
0
0
0
0
0
0
0
0
0
0
0
0
0
0
0
0
0
0
0
0
0
0
0
0
0
0
0
0
0
0
8307
0
0
0
0
0
0
0
0
0
0
0
0
0
0
0
0
0
0
0
0
0
0
0
0
0
0
0
0
0
0
0
0
0
0
0
4770
0
0
0
0
0
0
0
0
0
0
0
0
0
0
0
0
0
0
0
0
0
0
0
0
0
0
0
0
0
0
0
0
0
0
0
2911
0
0
0
0
0
0
0
0
0
0
0
0
0
0
0
0
0
0
0
0
0
0
0
0
0
0
0
0
0
0
0
0
0
0
0
